<?xml version="1.0" encoding="utf-8"?>
<COLLADA xmlns="http://www.collada.org/2005/11/COLLADASchema" version="1.4.1">
  <asset><contributor><author>Mixamo</author><authoring_tool>COLLADA Mixamo exporter</authoring_tool><comments></comments></contributor><created>2020-01-31T11:42:52Z</created><modified>2020-01-31T11:42:52Z</modified><revision></revision><title></title><unit meter="0.010000"/><up_axis>Y_UP</up_axis></asset>
  <library_animations>
    <animation id="mixamorig_Hips-anim" name="mixamorig_Hips"><source id="mixamorig_Hips-Matrix-animation-input"><float_array id="mixamorig_Hips-Matrix-animation-input-array" count="22">

0.000000 0.033333 0.066667 0.100000 0.133333 0.166667 0.200000 0.233333 0.266667 0.300000 0.333333 0.366667 0.400000 0.433333 0.466667 0.500000
0.533333 0.566667 0.600000 0.633333 0.666667 0.700000</float_array><technique_common><accessor source="#mixamorig_Hips-Matrix-animation-input-array" count="22"><param name="TIME" type="float"/></accessor></technique_common></source><source id="mixamorig_Hips-Matrix-animation-output-transform"><float_array id="mixamorig_Hips-Matrix-animation-output-transform-array" count="352">

0.996046 0.070851 0.053596 0.025395 -0.065496 0.993242 -0.095816 167.941406 -0.060022 0.091926 0.993955 -0.527166 0.000000 0.000000 0.000000 1.000000
0.998030 0.046918 0.041660 0.876902 -0.042786 0.994552 -0.095055 172.179428 -0.045893 0.093085 0.994600 30.042820 0.000000 0.000000 0.000000 1.000000
0.998066 0.024945 0.056942 1.333083 -0.019824 0.995852 -0.088803 178.305664 -0.058921 0.087503 0.994420 59.872013 0.000000 0.000000 0.000000 1.000000
0.995264 -0.002733 0.097167 1.702772 0.011443 0.995948 -0.089196 183.167160 -0.096529 0.089885 0.991263 90.584023 0.000000 0.000000 0.000000 1.000000
0.994426 -0.004776 0.105329 1.795189 0.014657 0.995536 -0.093240 183.490829 -0.104413 0.094264 0.990057 121.361076 0.000000 0.000000 0.000000 1.000000
0.997219 0.001306 0.074511 2.410848 0.003954 0.997511 -0.070396 182.929214 -0.074418 0.070495 0.994732 149.933044 0.000000 0.000000 0.000000 1.000000
0.996645 -0.000937 0.081835 2.558447 0.005011 0.998757 -0.049593 181.412537 -0.081687 0.049836 0.995411 178.078079 0.000000 0.000000 0.000000 1.000000
0.993470 -0.003772 0.114029 2.429196 0.008469 0.999134 -0.040739 178.541107 -0.113777 0.041439 0.992642 204.119919 0.000000 0.000000 0.000000 1.000000
0.993589 -0.009626 0.112646 1.783655 0.013930 0.999200 -0.037491 172.751297 -0.112195 0.038820 0.992928 228.036255 0.000000 0.000000 0.000000 1.000000
0.995175 -0.013520 0.097179 1.238698 0.018949 0.998298 -0.055154 166.872589 -0.096268 0.056730 0.993737 251.663818 0.000000 0.000000 0.000000 1.000000
0.995698 -0.013901 0.091610 0.384243 0.019820 0.997752 -0.064020 165.499863 -0.090514 0.065560 0.993735 276.495575 0.000000 0.000000 0.000000 1.000000
0.995389 0.018221 0.094172 0.355257 -0.011536 0.997406 -0.071057 168.826935 -0.095222 0.069643 0.993017 304.242737 0.000000 0.000000 0.000000 1.000000
0.996834 0.051690 0.060414 0.541658 -0.046148 0.994891 -0.089792 174.352051 -0.064747 0.086720 0.994127 333.606842 0.000000 0.000000 0.000000 1.000000
0.996939 0.078169 0.001459 0.613101 -0.077384 0.989236 -0.124196 179.048401 -0.011151 0.123703 0.992257 362.241821 0.000000 0.000000 0.000000 1.000000
0.997091 0.075347 -0.011463 0.848798 -0.076214 0.985452 -0.151905 181.289536 -0.000149 0.152337 0.988329 389.510254 0.000000 0.000000 0.000000 1.000000
0.997969 0.063054 -0.009060 0.924175 -0.063699 0.989101 -0.132746 180.571381 0.000591 0.133054 0.991109 418.131744 0.000000 0.000000 0.000000 1.000000
0.998404 0.055353 -0.011205 0.816029 -0.056263 0.992070 -0.112391 178.749008 0.004895 0.112842 0.993601 446.839447 0.000000 0.000000 0.000000 1.000000
0.998439 0.055675 0.004546 0.605470 -0.054830 0.992328 -0.110805 175.485397 -0.010680 0.110383 0.993832 473.058014 0.000000 0.000000 0.000000 1.000000
0.998254 0.050928 0.029927 0.068324 -0.047391 0.992920 -0.108918 171.714447 -0.035262 0.107309 0.993600 499.171051 0.000000 0.000000 0.000000 1.000000
0.995419 0.077642 0.055788 -0.478661 -0.071021 0.991145 -0.112197 166.873459 -0.064005 0.107721 0.992119 523.565063 0.000000 0.000000 0.000000 1.000000
0.991500 0.105234 0.076504 -0.707096 -0.097219 0.990037 -0.101857 164.808563 -0.086460 0.093553 0.991853 549.731262 0.000000 0.000000 0.000000 1.000000
0.996046 0.070851 0.053596 0.025395 -0.065496 0.993242 -0.095816 167.941391 -0.060023 0.091926 0.993955 578.518005 0.000000 0.000000 0.000000 1.000000</float_array><technique_common><accessor source="#mixamorig_Hips-Matrix-animation-output-transform-array" count="22" stride="16"><param type="float4x4"/></accessor></technique_common></source><source id="mixamorig_Hips-Interpolations"><Name_array id="mixamorig_Hips-Interpolations-array" count="22">
 LINEAR LINEAR LINEAR LINEAR LINEAR LINEAR LINEAR LINEAR LINEAR LINEAR LINEAR
LINEAR LINEAR LINEAR LINEAR LINEAR LINEAR LINEAR LINEAR LINEAR LINEAR LINEAR</Name_array><technique_common><accessor source="#mixamorig_Hips-Interpolations-array" count="22"><param type="name"/></accessor></technique_common></source><sampler id="mixamorig_Hips-Matrix-animation-transform"><input semantic="INPUT" source="#mixamorig_Hips-Matrix-animation-input"/><input semantic="OUTPUT" source="#mixamorig_Hips-Matrix-animation-output-transform"/><input semantic="INTERPOLATION" source="#mixamorig_Hips-Interpolations"/></sampler><channel source="#mixamorig_Hips-Matrix-animation-transform" target="mixamorig_Hips/matrix"/></animation>
    <animation id="mixamorig_Spine-anim" name="mixamorig_Spine"><source id="mixamorig_Spine-Matrix-animation-input"><float_array id="mixamorig_Spine-Matrix-animation-input-array" count="22">

0.000000 0.033333 0.066667 0.100000 0.133333 0.166667 0.200000 0.233333 0.266667 0.300000 0.333333 0.366667 0.400000 0.433333 0.466667 0.500000
0.533333 0.566667 0.600000 0.633333 0.666667 0.700000</float_array><technique_common><accessor source="#mixamorig_Spine-Matrix-animation-input-array" count="22"><param name="TIME" type="float"/></accessor></technique_common></source><source id="mixamorig_Spine-Matrix-animation-output-transform"><float_array id="mixamorig_Spine-Matrix-animation-output-transform-array" count="352">

0.998843 -0.042681 0.022154 -0.133100 0.044411 0.995427 -0.084579 17.534000 -0.018443 0.085465 0.996170 -1.513800 0.000000 0.000000 0.000000 1.000000
0.998571 -0.029725 0.044410 -0.133100 0.033101 0.996456 -0.077329 17.534000 -0.041954 0.078688 0.996016 -1.513800 0.000000 0.000000 0.000000 1.000000
0.997963 -0.013005 0.062452 -0.133100 0.017362 0.997414 -0.069746 17.534000 -0.061383 0.070688 0.995608 -1.513800 0.000000 0.000000 0.000000 1.000000
0.997482 0.006110 0.070662 -0.133100 -0.001878 0.998209 -0.059797 17.534000 -0.070901 0.059513 0.995706 -1.513800 0.000000 0.000000 0.000000 1.000000
0.997033 0.014778 0.075544 -0.133100 -0.011017 0.998690 -0.049971 17.534000 -0.076184 0.048991 0.995890 -1.513800 0.000000 0.000000 0.000000 1.000000
0.996944 0.017120 0.076225 -0.133100 -0.013172 0.998560 -0.051996 17.534000 -0.077005 0.050833 0.995734 -1.513800 0.000000 0.000000 0.000000 1.000000
0.997278 0.019309 0.071159 -0.133100 -0.015137 0.998160 -0.058708 17.534000 -0.072161 0.057471 0.995736 -1.513800 0.000000 0.000000 0.000000 1.000000
0.997770 0.020315 0.063574 -0.133100 -0.015982 0.997562 -0.067937 17.534000 -0.064799 0.066769 0.995662 -1.513800 0.000000 0.000000 0.000000 1.000000
0.998136 0.024586 0.055853 -0.133100 -0.020077 0.996600 -0.079915 17.534000 -0.057627 0.078644 0.995236 -1.513800 0.000000 0.000000 0.000000 1.000000
0.998996 0.029532 0.033701 -0.133100 -0.026464 0.995760 -0.088105 17.534000 -0.036160 0.087124 0.995541 -1.513800 0.000000 0.000000 0.000000 1.000000
0.999530 0.030647 0.000488 -0.133100 -0.030463 0.995056 -0.094531 17.534000 -0.003383 0.094472 0.995522 -1.513800 0.000000 0.000000 0.000000 1.000000
0.999422 0.016374 -0.029795 -0.133100 -0.019147 0.995262 -0.095326 17.534000 0.028093 0.095842 0.995000 -1.513800 0.000000 0.000000 0.000000 1.000000
0.998670 -0.005838 -0.051230 -0.133100 0.001347 0.996184 -0.087271 17.534000 0.051544 0.087086 0.994866 -1.513800 0.000000 0.000000 0.000000 1.000000
0.997363 -0.026139 -0.067707 -0.133100 0.020874 0.996787 -0.077330 17.534000 0.069511 0.075713 0.994704 -1.513800 0.000000 0.000000 0.000000 1.000000
0.996333 -0.037221 -0.077043 -0.133100 0.031678 0.996904 -0.071962 17.534000 0.079483 0.069258 0.994427 -1.513800 0.000000 0.000000 0.000000 1.000000
0.996155 -0.040327 -0.077769 -0.133100 0.034243 0.996362 -0.078044 17.534000 0.080634 0.075081 0.993912 -1.513800 0.000000 0.000000 0.000000 1.000000
0.996716 -0.041038 -0.069802 -0.133100 0.035269 0.996011 -0.081959 17.534000 0.072887 0.079228 0.994188 -1.513800 0.000000 0.000000 0.000000 1.000000
0.996750 -0.044105 -0.067414 -0.133100 0.038391 0.995740 -0.083831 17.534000 0.070824 0.080970 0.994197 -1.513800 0.000000 0.000000 0.000000 1.000000
0.997165 -0.045328 -0.060063 -0.133100 0.040021 0.995422 -0.086793 17.534000 0.063722 0.084143 0.994414 -1.513800 0.000000 0.000000 0.000000 1.000000
0.997783 -0.053924 -0.039014 -0.133100 0.050179 0.994557 -0.091319 17.534000 0.043725 0.089159 0.995057 -1.513800 0.000000 0.000000 0.000000 1.000000
0.997960 -0.062221 -0.014277 -0.133100 0.060655 0.993923 -0.091854 17.534000 0.019906 0.090801 0.995670 -1.513800 0.000000 0.000000 0.000000 1.000000
0.998843 -0.042681 0.022154 -0.133100 0.044411 0.995427 -0.084579 17.534000 -0.018443 0.085465 0.996170 -1.513800 0.000000 0.000000 0.000000 1.000000</float_array><technique_common><accessor source="#mixamorig_Spine-Matrix-animation-output-transform-array" count="22" stride="16"><param type="float4x4"/></accessor></technique_common></source><source id="mixamorig_Spine-Interpolations"><Name_array id="mixamorig_Spine-Interpolations-array" count="22">
 LINEAR LINEAR LINEAR LINEAR LINEAR LINEAR LINEAR LINEAR LINEAR LINEAR LINEAR
LINEAR LINEAR LINEAR LINEAR LINEAR LINEAR LINEAR LINEAR LINEAR LINEAR LINEAR</Name_array><technique_common><accessor source="#mixamorig_Spine-Interpolations-array" count="22"><param type="name"/></accessor></technique_common></source><sampler id="mixamorig_Spine-Matrix-animation-transform"><input semantic="INPUT" source="#mixamorig_Spine-Matrix-animation-input"/><input semantic="OUTPUT" source="#mixamorig_Spine-Matrix-animation-output-transform"/><input semantic="INTERPOLATION" source="#mixamorig_Spine-Interpolations"/></sampler><channel source="#mixamorig_Spine-Matrix-animation-transform" target="mixamorig_Spine/matrix"/></animation>
    <animation id="mixamorig_Spine1-anim" name="mixamorig_Spine1"><source id="mixamorig_Spine1-Matrix-animation-input"><float_array id="mixamorig_Spine1-Matrix-animation-input-array" count="22">

0.000000 0.033333 0.066667 0.100000 0.133333 0.166667 0.200000 0.233333 0.266667 0.300000 0.333333 0.366667 0.400000 0.433333 0.466667 0.500000
0.533333 0.566667 0.600000 0.633333 0.666667 0.700000</float_array><technique_common><accessor source="#mixamorig_Spine1-Matrix-animation-input-array" count="22"><param name="TIME" type="float"/></accessor></technique_common></source><source id="mixamorig_Spine1-Matrix-animation-output-transform"><float_array id="mixamorig_Spine1-Matrix-animation-output-transform-array" count="352">

0.998355 -0.030016 0.048854 -0.014000 0.037968 0.984541 -0.170987 22.686501 -0.042966 0.172561 0.984061 -0.221800 0.000000 0.000000 0.000000 1.000000
0.995990 -0.013418 0.088458 -0.014000 0.027234 0.987242 -0.156879 22.686501 -0.085224 0.158659 0.983648 -0.221800 0.000000 0.000000 0.000000 1.000000
0.992362 0.003357 0.123312 -0.014000 0.014187 0.989892 -0.141112 22.686501 -0.122539 0.141784 0.982284 -0.221800 0.000000 0.000000 0.000000 1.000000
0.989283 0.022627 0.144245 -0.014000 -0.005191 0.992745 -0.120125 22.686501 -0.145917 0.118089 0.982224 -0.221800 0.000000 0.000000 0.000000 1.000000
0.986450 0.035565 0.160161 -0.014000 -0.019525 0.994732 -0.100629 22.686501 -0.162896 0.096138 0.981948 -0.221800 0.000000 0.000000 0.000000 1.000000
0.985806 0.036932 0.163773 -0.014000 -0.019933 0.994351 -0.104249 22.686501 -0.166698 0.099505 0.980974 -0.221800 0.000000 0.000000 0.000000 1.000000
0.987959 0.037194 0.150177 -0.014000 -0.019574 0.992921 -0.117149 22.686501 -0.153471 0.112799 0.981694 -0.221800 0.000000 0.000000 0.000000 1.000000
0.990749 0.037564 0.130402 -0.014000 -0.019739 0.990596 -0.135385 22.686501 -0.134261 0.131558 0.982174 -0.221800 0.000000 0.000000 0.000000 1.000000
0.993339 0.043428 0.106735 -0.014000 -0.026039 0.986900 -0.159218 22.686501 -0.112251 0.155378 0.981457 -0.221800 0.000000 0.000000 0.000000 1.000000
0.997490 0.040017 0.058407 -0.014000 -0.029253 0.984185 -0.174710 22.686501 -0.064475 0.172563 0.982886 -0.221800 0.000000 0.000000 0.000000 1.000000
0.999645 0.026149 -0.005026 -0.014000 -0.026627 0.981972 -0.187142 22.686501 0.000042 0.187210 0.982320 -0.221800 0.000000 0.000000 0.000000 1.000000
0.998241 -0.003660 -0.059174 -0.014000 -0.007636 0.981842 -0.189548 22.686501 0.058793 0.189666 0.980087 -0.221800 0.000000 0.000000 0.000000 1.000000
0.994546 -0.038755 -0.096836 -0.014000 0.021346 0.984385 -0.174728 22.686501 0.102096 0.171707 0.979843 -0.221800 0.000000 0.000000 0.000000 1.000000
0.989479 -0.062563 -0.130447 -0.014000 0.041870 0.986912 -0.155732 22.686501 0.138483 0.148631 0.979148 -0.221800 0.000000 0.000000 0.000000 1.000000
0.985021 -0.078115 -0.153727 -0.014000 0.055597 0.987768 -0.145684 22.686501 0.163227 0.134955 0.977315 -0.221800 0.000000 0.000000 0.000000 1.000000
0.983948 -0.080203 -0.159417 -0.014000 0.054830 0.985975 -0.157629 22.686501 0.169824 0.146358 0.974546 -0.221800 0.000000 0.000000 0.000000 1.000000
0.986555 -0.078119 -0.143550 -0.014000 0.053963 0.984806 -0.165062 22.686501 0.154263 0.155096 0.975781 -0.221800 0.000000 0.000000 0.000000 1.000000
0.988146 -0.078699 -0.131807 -0.014000 0.055909 0.984123 -0.168451 22.686501 0.142972 0.159085 0.976858 -0.221800 0.000000 0.000000 0.000000 1.000000
0.991318 -0.074948 -0.108034 -0.014000 0.055390 0.983214 -0.173847 22.686501 0.119250 0.166354 0.978829 -0.221800 0.000000 0.000000 0.000000 1.000000
0.995337 -0.073555 -0.062397 -0.014000 0.061073 0.981296 -0.182562 22.686501 0.074658 0.177900 0.981212 -0.221800 0.000000 0.000000 0.000000 1.000000
0.997375 -0.070543 -0.016316 -0.014000 0.066346 0.980647 -0.184199 22.686501 0.028994 0.182633 0.982754 -0.221800 0.000000 0.000000 0.000000 1.000000
0.998355 -0.030016 0.048854 -0.014000 0.037968 0.984541 -0.170987 22.686501 -0.042966 0.172561 0.984061 -0.221800 0.000000 0.000000 0.000000 1.000000</float_array><technique_common><accessor source="#mixamorig_Spine1-Matrix-animation-output-transform-array" count="22" stride="16"><param type="float4x4"/></accessor></technique_common></source><source id="mixamorig_Spine1-Interpolations"><Name_array id="mixamorig_Spine1-Interpolations-array" count="22">
 LINEAR LINEAR LINEAR LINEAR LINEAR LINEAR LINEAR LINEAR LINEAR LINEAR LINEAR
LINEAR LINEAR LINEAR LINEAR LINEAR LINEAR LINEAR LINEAR LINEAR LINEAR LINEAR</Name_array><technique_common><accessor source="#mixamorig_Spine1-Interpolations-array" count="22"><param type="name"/></accessor></technique_common></source><sampler id="mixamorig_Spine1-Matrix-animation-transform"><input semantic="INPUT" source="#mixamorig_Spine1-Matrix-animation-input"/><input semantic="OUTPUT" source="#mixamorig_Spine1-Matrix-animation-output-transform"/><input semantic="INTERPOLATION" source="#mixamorig_Spine1-Interpolations"/></sampler><channel source="#mixamorig_Spine1-Matrix-animation-transform" target="mixamorig_Spine1/matrix"/></animation>
    <animation id="mixamorig_Spine2-anim" name="mixamorig_Spine2"><source id="mixamorig_Spine2-Matrix-animation-input"><float_array id="mixamorig_Spine2-Matrix-animation-input-array" count="22">

0.000000 0.033333 0.066667 0.100000 0.133333 0.166667 0.200000 0.233333 0.266667 0.300000 0.333333 0.366667 0.400000 0.433333 0.466667 0.500000
0.533333 0.566667 0.600000 0.633333 0.666667 0.700000</float_array><technique_common><accessor source="#mixamorig_Spine2-Matrix-animation-input-array" count="22"><param name="TIME" type="float"/></accessor></technique_common></source><source id="mixamorig_Spine2-Matrix-animation-output-transform"><float_array id="mixamorig_Spine2-Matrix-animation-output-transform-array" count="352">

0.998355 -0.030016 0.048854 0.604100 0.037968 0.984541 -0.170988 27.291500 -0.042967 0.172561 0.984061 -1.222100 0.000000 0.000000 0.000000 1.000000
0.995990 -0.013418 0.088458 0.604100 0.027234 0.987242 -0.156879 27.291500 -0.085224 0.158659 0.983648 -1.222100 0.000000 0.000000 0.000000 1.000000
0.992362 0.003357 0.123312 0.604100 0.014187 0.989892 -0.141112 27.291500 -0.122539 0.141784 0.982284 -1.222100 0.000000 0.000000 0.000000 1.000000
0.989283 0.022627 0.144245 0.604100 -0.005191 0.992745 -0.120125 27.291500 -0.145917 0.118089 0.982224 -1.222100 0.000000 0.000000 0.000000 1.000000
0.986450 0.035565 0.160160 0.604100 -0.019526 0.994732 -0.100629 27.291500 -0.162896 0.096138 0.981948 -1.222100 0.000000 0.000000 0.000000 1.000000
0.985806 0.036932 0.163773 0.604100 -0.019933 0.994351 -0.104249 27.291500 -0.166698 0.099505 0.980974 -1.222100 0.000000 0.000000 0.000000 1.000000
0.987959 0.037194 0.150177 0.604100 -0.019574 0.992921 -0.117149 27.291500 -0.153471 0.112799 0.981694 -1.222100 0.000000 0.000000 0.000000 1.000000
0.990749 0.037564 0.130402 0.604100 -0.019739 0.990596 -0.135384 27.291500 -0.134261 0.131558 0.982174 -1.222100 0.000000 0.000000 0.000000 1.000000
0.993339 0.043428 0.106735 0.604100 -0.026039 0.986900 -0.159218 27.291500 -0.112251 0.155378 0.981457 -1.222100 0.000000 0.000000 0.000000 1.000000
0.997490 0.040017 0.058407 0.604100 -0.029253 0.984185 -0.174710 27.291500 -0.064475 0.172563 0.982886 -1.222100 0.000000 0.000000 0.000000 1.000000
0.999645 0.026148 -0.005026 0.604100 -0.026627 0.981972 -0.187142 27.291500 0.000042 0.187210 0.982320 -1.222100 0.000000 0.000000 0.000000 1.000000
0.998241 -0.003660 -0.059174 0.604100 -0.007636 0.981842 -0.189548 27.291500 0.058793 0.189667 0.980087 -1.222100 0.000000 0.000000 0.000000 1.000000
0.994546 -0.038755 -0.096836 0.604100 0.021346 0.984385 -0.174728 27.291500 0.102096 0.171707 0.979843 -1.222100 0.000000 0.000000 0.000000 1.000000
0.989479 -0.062563 -0.130447 0.604100 0.041870 0.986912 -0.155731 27.291500 0.138482 0.148631 0.979148 -1.222100 0.000000 0.000000 0.000000 1.000000
0.985021 -0.078115 -0.153727 0.604100 0.055597 0.987768 -0.145684 27.291500 0.163227 0.134955 0.977315 -1.222100 0.000000 0.000000 0.000000 1.000000
0.983948 -0.080203 -0.159417 0.604100 0.054830 0.985975 -0.157629 27.291500 0.169824 0.146358 0.974546 -1.222100 0.000000 0.000000 0.000000 1.000000
0.986555 -0.078119 -0.143550 0.604100 0.053963 0.984806 -0.165062 27.291500 0.154263 0.155096 0.975781 -1.222100 0.000000 0.000000 0.000000 1.000000
0.988146 -0.078699 -0.131807 0.604100 0.055909 0.984123 -0.168451 27.291500 0.142972 0.159085 0.976858 -1.222100 0.000000 0.000000 0.000000 1.000000
0.991318 -0.074948 -0.108034 0.604100 0.055390 0.983214 -0.173848 27.291500 0.119250 0.166354 0.978829 -1.222100 0.000000 0.000000 0.000000 1.000000
0.995337 -0.073555 -0.062397 0.604100 0.061073 0.981296 -0.182562 27.291500 0.074658 0.177900 0.981212 -1.222100 0.000000 0.000000 0.000000 1.000000
0.997375 -0.070543 -0.016316 0.604100 0.066346 0.980647 -0.184199 27.291500 0.028994 0.182633 0.982754 -1.222100 0.000000 0.000000 0.000000 1.000000
0.998355 -0.030016 0.048854 0.604100 0.037968 0.984541 -0.170987 27.291500 -0.042967 0.172561 0.984061 -1.222100 0.000000 0.000000 0.000000 1.000000</float_array><technique_common><accessor source="#mixamorig_Spine2-Matrix-animation-output-transform-array" count="22" stride="16"><param type="float4x4"/></accessor></technique_common></source><source id="mixamorig_Spine2-Interpolations"><Name_array id="mixamorig_Spine2-Interpolations-array" count="22">
 LINEAR LINEAR LINEAR LINEAR LINEAR LINEAR LINEAR LINEAR LINEAR LINEAR LINEAR
LINEAR LINEAR LINEAR LINEAR LINEAR LINEAR LINEAR LINEAR LINEAR LINEAR LINEAR</Name_array><technique_common><accessor source="#mixamorig_Spine2-Interpolations-array" count="22"><param type="name"/></accessor></technique_common></source><sampler id="mixamorig_Spine2-Matrix-animation-transform"><input semantic="INPUT" source="#mixamorig_Spine2-Matrix-animation-input"/><input semantic="OUTPUT" source="#mixamorig_Spine2-Matrix-animation-output-transform"/><input semantic="INTERPOLATION" source="#mixamorig_Spine2-Interpolations"/></sampler><channel source="#mixamorig_Spine2-Matrix-animation-transform" target="mixamorig_Spine2/matrix"/></animation>
    <animation id="mixamorig_Neck-anim" name="mixamorig_Neck"><source id="mixamorig_Neck-Matrix-animation-input"><float_array id="mixamorig_Neck-Matrix-animation-input-array" count="22">

0.000000 0.033333 0.066667 0.100000 0.133333 0.166667 0.200000 0.233333 0.266667 0.300000 0.333333 0.366667 0.400000 0.433333 0.466667 0.500000
0.533333 0.566667 0.600000 0.633333 0.666667 0.700000</float_array><technique_common><accessor source="#mixamorig_Neck-Matrix-animation-input-array" count="22"><param name="TIME" type="float"/></accessor></technique_common></source><source id="mixamorig_Neck-Matrix-animation-output-transform"><float_array id="mixamorig_Neck-Matrix-animation-output-transform-array" count="352">

0.998465 0.007577 -0.054863 -0.550000 -0.000366 0.991478 0.130270 27.771099 0.055382 -0.130050 0.989959 0.379800 0.000000 0.000000 0.000000 1.000000
0.996896 0.019106 -0.076371 -0.550000 -0.008832 0.991122 0.132664 27.771099 0.078228 -0.131578 0.988214 0.379800 0.000000 0.000000 0.000000 1.000000
0.994094 0.009508 -0.108101 -0.550000 0.002986 0.993380 0.114837 27.771099 0.108478 -0.114481 0.987485 0.379800 0.000000 0.000000 0.000000 1.000000
0.991785 0.010401 -0.127490 -0.550000 0.001978 0.995322 0.096592 27.771099 0.127898 -0.096051 0.987125 0.379800 0.000000 0.000000 0.000000 1.000000
0.989549 -0.007671 -0.143994 -0.550000 0.015297 0.998534 0.051927 27.771099 0.143385 -0.053587 0.988215 0.379800 0.000000 0.000000 0.000000 1.000000
0.989677 -0.025513 -0.141026 -0.550000 0.029022 0.999317 0.022885 27.771099 0.140345 -0.026742 0.989741 0.379800 0.000000 0.000000 0.000000 1.000000
0.991887 -0.007040 -0.126924 -0.550000 0.011374 0.999375 0.033455 27.771099 0.126609 -0.034627 0.991348 0.379800 0.000000 0.000000 0.000000 1.000000
0.992798 -0.005584 -0.119669 -0.550000 0.010990 0.998946 0.044567 27.771099 0.119294 -0.045561 0.991813 0.379800 0.000000 0.000000 0.000000 1.000000
0.993754 -0.023328 -0.109128 -0.550000 0.032332 0.996150 0.081489 27.771099 0.106807 -0.084508 0.990682 0.379800 0.000000 0.000000 0.000000 1.000000
0.996500 -0.027115 -0.079078 -0.550000 0.035412 0.993790 0.105482 27.771099 0.075727 -0.107914 0.991272 0.379800 0.000000 0.000000 0.000000 1.000000
0.999161 -0.012875 -0.038886 -0.550000 0.017251 0.993288 0.114374 27.771099 0.037152 -0.114949 0.992676 0.379800 0.000000 0.000000 0.000000 1.000000
0.999112 -0.036681 -0.020743 -0.550000 0.039281 0.988902 0.143282 27.771099 0.015258 -0.143970 0.989464 0.379800 0.000000 0.000000 0.000000 1.000000
0.999287 0.021230 0.031229 -0.550000 -0.025097 0.991302 0.129192 27.771099 -0.028215 -0.129883 0.991128 0.379800 0.000000 0.000000 0.000000 1.000000
0.997906 0.004524 0.064527 -0.550000 -0.014466 0.987893 0.154459 27.771099 -0.063047 -0.155069 0.985890 0.379800 0.000000 0.000000 0.000000 1.000000
0.996213 0.005410 0.086782 -0.550000 -0.020289 0.984974 0.171508 27.771099 -0.084550 -0.172619 0.981353 0.379800 0.000000 0.000000 0.000000 1.000000
0.995232 0.013044 0.096661 -0.550000 -0.030297 0.983339 0.179241 27.771099 -0.092713 -0.181315 0.979045 0.379800 0.000000 0.000000 0.000000 1.000000
0.995988 0.021531 0.086859 -0.550000 -0.034963 0.987103 0.156221 27.771099 -0.082375 -0.158631 0.983896 0.379800 0.000000 0.000000 0.000000 1.000000
0.996209 0.031453 0.081110 -0.550000 -0.043023 0.988479 0.145112 27.771099 -0.075612 -0.148052 0.986085 0.379800 0.000000 0.000000 0.000000 1.000000
0.995684 0.055416 0.074446 -0.550000 -0.066329 0.985968 0.153189 27.771099 -0.064912 -0.157465 0.985389 0.379800 0.000000 0.000000 0.000000 1.000000
0.998210 0.047049 0.036931 -0.550000 -0.052447 0.985348 0.162291 27.771099 -0.028755 -0.163937 0.986052 0.379800 0.000000 0.000000 0.000000 1.000000
0.999081 0.042798 -0.002178 -0.550000 -0.041947 0.987086 0.154603 27.771099 0.008766 -0.154370 0.987974 0.379800 0.000000 0.000000 0.000000 1.000000
0.998465 0.007577 -0.054863 -0.550000 -0.000366 0.991478 0.130270 27.771099 0.055382 -0.130050 0.989959 0.379800 0.000000 0.000000 0.000000 1.000000</float_array><technique_common><accessor source="#mixamorig_Neck-Matrix-animation-output-transform-array" count="22" stride="16"><param type="float4x4"/></accessor></technique_common></source><source id="mixamorig_Neck-Interpolations"><Name_array id="mixamorig_Neck-Interpolations-array" count="22">
 LINEAR LINEAR LINEAR LINEAR LINEAR LINEAR LINEAR LINEAR LINEAR LINEAR LINEAR
LINEAR LINEAR LINEAR LINEAR LINEAR LINEAR LINEAR LINEAR LINEAR LINEAR LINEAR</Name_array><technique_common><accessor source="#mixamorig_Neck-Interpolations-array" count="22"><param type="name"/></accessor></technique_common></source><sampler id="mixamorig_Neck-Matrix-animation-transform"><input semantic="INPUT" source="#mixamorig_Neck-Matrix-animation-input"/><input semantic="OUTPUT" source="#mixamorig_Neck-Matrix-animation-output-transform"/><input semantic="INTERPOLATION" source="#mixamorig_Neck-Interpolations"/></sampler><channel source="#mixamorig_Neck-Matrix-animation-transform" target="mixamorig_Neck/matrix"/></animation>
    <animation id="mixamorig_Head-anim" name="mixamorig_Head"><source id="mixamorig_Head-Matrix-animation-input"><float_array id="mixamorig_Head-Matrix-animation-input-array" count="22">

0.000000 0.033333 0.066667 0.100000 0.133333 0.166667 0.200000 0.233333 0.266667 0.300000 0.333333 0.366667 0.400000 0.433333 0.466667 0.500000
0.533333 0.566667 0.600000 0.633333 0.666667 0.700000</float_array><technique_common><accessor source="#mixamorig_Head-Matrix-animation-input-array" count="22"><param name="TIME" type="float"/></accessor></technique_common></source><source id="mixamorig_Head-Matrix-animation-output-transform"><float_array id="mixamorig_Head-Matrix-animation-output-transform-array" count="352">

0.987594 0.090815 -0.128108 -0.456500 -0.057729 0.968649 0.241632 18.683399 0.146036 -0.231239 0.961874 4.654500 0.000000 0.000000 0.000000 1.000000
0.975794 0.083797 -0.201999 -0.456500 -0.042689 0.978893 0.199864 18.683399 0.214483 -0.186403 0.958776 4.654500 0.000000 0.000000 0.000000 1.000000
0.957954 0.084562 -0.274178 -0.456500 -0.037339 0.984198 0.173088 18.683399 0.284483 -0.155573 0.945974 4.654500 0.000000 0.000000 0.000000 1.000000
0.940384 0.052648 -0.336014 -0.456500 -0.015807 0.993644 0.111451 18.683399 0.339746 -0.099496 0.935240 4.654500 0.000000 0.000000 0.000000 1.000000
0.931204 0.051046 -0.360907 -0.456500 -0.014226 0.994480 0.103953 18.683399 0.364221 -0.091667 0.926790 4.654500 0.000000 0.000000 0.000000 1.000000
0.942001 0.065988 -0.329058 -0.456500 -0.028125 0.992552 0.118530 18.683399 0.334428 -0.102401 0.936841 4.654500 0.000000 0.000000 0.000000 1.000000
0.944878 0.027019 -0.326307 -0.456500 0.003490 0.995702 0.092554 18.683399 0.327405 -0.088591 0.940722 4.654500 0.000000 0.000000 0.000000 1.000000
0.945484 -0.009167 -0.325539 -0.456500 0.043517 0.994196 0.098393 18.683399 0.322748 -0.107196 0.940395 4.654500 0.000000 0.000000 0.000000 1.000000
0.956296 -0.033052 -0.290527 -0.456500 0.074930 0.988114 0.134227 18.683399 0.282637 -0.150130 0.947406 4.654500 0.000000 0.000000 0.000000 1.000000
0.972242 -0.061276 -0.225810 -0.456500 0.110912 0.970474 0.214192 18.683399 0.206018 -0.233292 0.950332 4.654500 0.000000 0.000000 0.000000 1.000000
0.984650 -0.083840 -0.153088 -0.456500 0.121702 0.958489 0.257850 18.683399 0.125115 -0.272523 0.953980 4.654500 0.000000 0.000000 0.000000 1.000000
0.996402 -0.054169 -0.065186 -0.456500 0.069100 0.964549 0.254696 18.683399 0.049078 -0.258283 0.964822 4.654500 0.000000 0.000000 0.000000 1.000000
0.998550 -0.053496 0.005989 -0.456500 0.050330 0.967300 0.248591 18.683399 -0.019092 -0.247929 0.968590 4.654500 0.000000 0.000000 0.000000 1.000000
0.991852 -0.027532 0.124383 -0.456500 0.005423 0.984607 0.174701 18.683399 -0.127278 -0.172603 0.976733 4.654500 0.000000 0.000000 0.000000 1.000000
0.982253 -0.006468 0.187448 -0.456500 -0.024852 0.986105 0.164251 18.683399 -0.185906 -0.165995 0.968445 4.654500 0.000000 0.000000 0.000000 1.000000
0.978103 -0.001826 0.208116 -0.456500 -0.036766 0.982719 0.181417 18.683399 -0.204851 -0.185096 0.961133 4.654500 0.000000 0.000000 0.000000 1.000000
0.980500 0.033284 0.193679 -0.456500 -0.072698 0.977071 0.200120 18.683399 -0.182577 -0.210298 0.960438 4.654500 0.000000 0.000000 0.000000 1.000000
0.982984 0.052703 0.175966 -0.456500 -0.088757 0.974980 0.203804 18.683399 -0.160822 -0.215955 0.963068 4.654500 0.000000 0.000000 0.000000 1.000000
0.992033 0.037551 0.120252 -0.456500 -0.063202 0.974074 0.217224 18.683399 -0.108977 -0.223094 0.968686 4.654500 0.000000 0.000000 0.000000 1.000000
0.996762 0.064214 0.048392 -0.456500 -0.074679 0.962409 0.261135 18.683399 -0.029804 -0.263903 0.964089 4.654500 0.000000 0.000000 0.000000 1.000000
0.996117 0.077053 -0.042592 -0.456500 -0.063277 0.962947 0.262160 18.683399 0.061214 -0.258447 0.964084 4.654500 0.000000 0.000000 0.000000 1.000000
0.987594 0.090815 -0.128108 -0.456500 -0.057729 0.968649 0.241632 18.683399 0.146036 -0.231239 0.961874 4.654500 0.000000 0.000000 0.000000 1.000000</float_array><technique_common><accessor source="#mixamorig_Head-Matrix-animation-output-transform-array" count="22" stride="16"><param type="float4x4"/></accessor></technique_common></source><source id="mixamorig_Head-Interpolations"><Name_array id="mixamorig_Head-Interpolations-array" count="22">
 LINEAR LINEAR LINEAR LINEAR LINEAR LINEAR LINEAR LINEAR LINEAR LINEAR LINEAR
LINEAR LINEAR LINEAR LINEAR LINEAR LINEAR LINEAR LINEAR LINEAR LINEAR LINEAR</Name_array><technique_common><accessor source="#mixamorig_Head-Interpolations-array" count="22"><param type="name"/></accessor></technique_common></source><sampler id="mixamorig_Head-Matrix-animation-transform"><input semantic="INPUT" source="#mixamorig_Head-Matrix-animation-input"/><input semantic="OUTPUT" source="#mixamorig_Head-Matrix-animation-output-transform"/><input semantic="INTERPOLATION" source="#mixamorig_Head-Interpolations"/></sampler><channel source="#mixamorig_Head-Matrix-animation-transform" target="mixamorig_Head/matrix"/></animation>
    <animation id="mixamorig_LeftShoulder-anim" name="mixamorig_LeftShoulder"><source id="mixamorig_LeftShoulder-Matrix-animation-input"><float_array id="mixamorig_LeftShoulder-Matrix-animation-input-array" count="22">

0.000000 0.033333 0.066667 0.100000 0.133333 0.166667 0.200000 0.233333 0.266667 0.300000 0.333333 0.366667 0.400000 0.433333 0.466667 0.500000
0.533333 0.566667 0.600000 0.633333 0.666667 0.700000</float_array><technique_common><accessor source="#mixamorig_LeftShoulder-Matrix-animation-input-array" count="22"><param name="TIME" type="float"/></accessor></technique_common></source><source id="mixamorig_LeftShoulder-Matrix-animation-output-transform"><float_array id="mixamorig_LeftShoulder-Matrix-animation-output-transform-array" count="352">

0.986979 0.159421 -0.021404 9.658100 -0.159831 0.986962 -0.018993 17.179800 0.018097 0.022166 0.999590 0.393600 0.000000 0.000000 0.000000 1.000000
0.988645 0.150139 -0.006251 9.658100 -0.150236 0.988447 -0.020039 17.179800 0.003170 0.020751 0.999780 0.393600 0.000000 0.000000 0.000000 1.000000
0.990361 0.138062 0.011175 9.658100 -0.137808 0.990237 -0.020953 17.179800 -0.013959 0.019211 0.999718 0.393600 0.000000 0.000000 0.000000 1.000000
0.991652 0.125826 0.028190 9.658100 -0.125249 0.991895 -0.021386 17.179800 -0.030652 0.017676 0.999374 0.393600 0.000000 0.000000 0.000000 1.000000
0.992213 0.117757 0.040570 9.658100 -0.116968 0.992907 -0.021314 17.179800 -0.042792 0.016403 0.998949 0.393600 0.000000 0.000000 0.000000 1.000000
0.991929 0.119322 0.042888 9.658100 -0.118507 0.992729 -0.021079 17.179800 -0.045091 0.015826 0.998858 0.393600 0.000000 0.000000 0.000000 1.000000
0.990617 0.133069 0.031161 9.658100 -0.132461 0.990969 -0.020824 17.179800 -0.033651 0.016501 0.999297 0.393600 0.000000 0.000000 0.000000 1.000000
0.987898 0.155003 0.005569 9.658100 -0.154865 0.987734 -0.019963 17.179800 -0.008595 0.018859 0.999785 0.393600 0.000000 0.000000 0.000000 1.000000
0.984017 0.175721 -0.028870 9.658100 -0.176278 0.984175 -0.018035 17.179800 0.025244 0.022835 0.999420 0.393600 0.000000 0.000000 0.000000 1.000000
0.980305 0.186729 -0.064300 9.658100 -0.188097 0.982022 -0.015875 17.179800 0.060179 0.027657 0.997804 0.393600 0.000000 0.000000 0.000000 1.000000
0.978042 0.186585 -0.092848 9.658100 -0.188734 0.981916 -0.014845 17.179800 0.088399 0.032043 0.995570 0.393600 0.000000 0.000000 0.000000 1.000000
0.977402 0.181128 -0.108990 9.658100 -0.183819 0.982844 -0.015092 17.179800 0.104387 0.034785 0.993928 0.393600 0.000000 0.000000 0.000000 1.000000
0.977714 0.177578 -0.111991 9.658100 -0.180410 0.983468 -0.015596 17.179800 0.107370 0.035453 0.993587 0.393600 0.000000 0.000000 0.000000 1.000000
0.978083 0.178677 -0.106904 9.658100 -0.181341 0.983295 -0.015665 17.179800 0.102319 0.034708 0.994146 0.393600 0.000000 0.000000 0.000000 1.000000
0.977946 0.182567 -0.101446 9.658100 -0.185031 0.982613 -0.015361 17.179800 0.096878 0.033793 0.994722 0.393600 0.000000 0.000000 0.000000 1.000000
0.977286 0.186645 -0.100378 9.658100 -0.189048 0.981855 -0.014898 17.179800 0.095776 0.033536 0.994838 0.393600 0.000000 0.000000 0.000000 1.000000
0.976429 0.189873 -0.102634 9.658100 -0.192322 0.981226 -0.014416 17.179800 0.097970 0.033815 0.994615 0.393600 0.000000 0.000000 0.000000 1.000000
0.976096 0.191344 -0.103077 9.658100 -0.193793 0.980940 -0.014204 17.179800 0.098395 0.033840 0.994572 0.393600 0.000000 0.000000 0.000000 1.000000
0.977251 0.188903 -0.096414 9.658100 -0.191167 0.981447 -0.014728 17.179800 0.091843 0.032824 0.995232 0.393600 0.000000 0.000000 0.000000 1.000000
0.980206 0.181132 -0.079919 9.658100 -0.182960 0.982988 -0.016111 17.179800 0.075641 0.030414 0.996671 0.393600 0.000000 0.000000 0.000000 1.000000
0.983981 0.169868 -0.054091 9.658100 -0.171039 0.985104 -0.017773 17.179800 0.050266 0.026740 0.998378 0.393600 0.000000 0.000000 0.000000 1.000000
0.986979 0.159421 -0.021404 9.658100 -0.159831 0.986962 -0.018993 17.179800 0.018097 0.022166 0.999590 0.393600 0.000000 0.000000 0.000000 1.000000</float_array><technique_common><accessor source="#mixamorig_LeftShoulder-Matrix-animation-output-transform-array" count="22" stride="16"><param type="float4x4"/></accessor></technique_common></source><source id="mixamorig_LeftShoulder-Interpolations"><Name_array id="mixamorig_LeftShoulder-Interpolations-array" count="22">
 LINEAR LINEAR LINEAR LINEAR LINEAR LINEAR LINEAR LINEAR LINEAR LINEAR LINEAR
LINEAR LINEAR LINEAR LINEAR LINEAR LINEAR LINEAR LINEAR LINEAR LINEAR LINEAR</Name_array><technique_common><accessor source="#mixamorig_LeftShoulder-Interpolations-array" count="22"><param type="name"/></accessor></technique_common></source><sampler id="mixamorig_LeftShoulder-Matrix-animation-transform"><input semantic="INPUT" source="#mixamorig_LeftShoulder-Matrix-animation-input"/><input semantic="OUTPUT" source="#mixamorig_LeftShoulder-Matrix-animation-output-transform"/><input semantic="INTERPOLATION" source="#mixamorig_LeftShoulder-Interpolations"/></sampler><channel source="#mixamorig_LeftShoulder-Matrix-animation-transform" target="mixamorig_LeftShoulder/matrix"/></animation>
    <animation id="mixamorig_LeftArm-anim" name="mixamorig_LeftArm"><source id="mixamorig_LeftArm-Matrix-animation-input"><float_array id="mixamorig_LeftArm-Matrix-animation-input-array" count="22">

0.000000 0.033333 0.066667 0.100000 0.133333 0.166667 0.200000 0.233333 0.266667 0.300000 0.333333 0.366667 0.400000 0.433333 0.466667 0.500000
0.533333 0.566667 0.600000 0.633333 0.666667 0.700000</float_array><technique_common><accessor source="#mixamorig_LeftArm-Matrix-animation-input-array" count="22"><param name="TIME" type="float"/></accessor></technique_common></source><source id="mixamorig_LeftArm-Matrix-animation-output-transform"><float_array id="mixamorig_LeftArm-Matrix-animation-output-transform-array" count="352">

0.295643 0.909225 0.293097 21.504801 -0.827510 0.397040 -0.396971 0.579200 -0.477307 -0.125179 0.869775 -2.737900 0.000000 0.000000 0.000000 1.000000
0.331142 0.885138 0.326918 21.504801 -0.787814 0.450038 -0.420494 0.579200 -0.519320 -0.118307 0.846351 -2.737900 0.000000 0.000000 0.000000 1.000000
0.389408 0.856304 0.339271 21.504801 -0.739271 0.510285 -0.439417 0.579200 -0.549400 -0.079700 0.831750 -2.737900 0.000000 0.000000 0.000000 1.000000
0.453124 0.824371 0.339250 21.504801 -0.687761 0.565405 -0.455304 0.579200 -0.567153 -0.027013 0.823169 -2.737900 0.000000 0.000000 0.000000 1.000000
0.505020 0.796022 0.333621 21.504801 -0.644650 0.604902 -0.467460 0.579200 -0.573917 0.021008 0.818644 -2.737900 0.000000 0.000000 0.000000 1.000000
0.540555 0.776919 0.322796 21.504801 -0.624991 0.627681 -0.464115 0.579200 -0.563193 0.049135 0.824863 -2.737900 0.000000 0.000000 0.000000 1.000000
0.569570 0.766019 0.298002 21.504801 -0.639551 0.640766 -0.424728 0.579200 -0.516299 0.051324 0.854869 -2.737900 0.000000 0.000000 0.000000 1.000000
0.595999 0.763767 0.247881 21.504801 -0.686700 0.644802 -0.335670 0.579200 -0.416207 0.029839 0.908780 -2.737900 0.000000 0.000000 0.000000 1.000000
0.603048 0.778708 0.173051 21.504801 -0.750514 0.627369 -0.207692 0.579200 -0.270298 -0.004629 0.962766 -2.737900 0.000000 0.000000 0.000000 1.000000
0.575683 0.811887 0.097101 21.504801 -0.809022 0.582791 -0.076415 0.579200 -0.118630 -0.034566 0.992337 -2.737900 0.000000 0.000000 0.000000 1.000000
0.530935 0.846001 0.048888 21.504801 -0.847395 0.530409 0.024237 0.579200 -0.005426 -0.054295 0.998510 -2.737900 0.000000 0.000000 0.000000 1.000000
0.502284 0.863803 0.039435 21.504801 -0.862971 0.497871 0.086061 0.579200 0.054706 -0.077258 0.995509 -2.737900 0.000000 0.000000 0.000000 1.000000
0.504518 0.861181 0.061879 21.504801 -0.860294 0.495335 0.120570 0.579200 0.073182 -0.114064 0.990774 -2.737900 0.000000 0.000000 0.000000 1.000000
0.526977 0.844119 0.098780 21.504801 -0.847079 0.512254 0.141608 0.579200 0.068934 -0.158298 0.984982 -2.737900 0.000000 0.000000 0.000000 1.000000
0.549125 0.825019 0.133438 21.504801 -0.833951 0.530479 0.152043 0.579200 0.054652 -0.194771 0.979325 -2.737900 0.000000 0.000000 0.000000 1.000000
0.555392 0.815630 0.162134 21.504801 -0.831198 0.538496 0.138323 0.579200 0.025512 -0.211589 0.977026 -2.737900 0.000000 0.000000 0.000000 1.000000
0.539952 0.820021 0.189786 21.504801 -0.841057 0.534432 0.083697 0.579200 -0.032794 -0.204813 0.978252 -2.737900 0.000000 0.000000 0.000000 1.000000
0.503884 0.836643 0.214778 21.504801 -0.855435 0.517810 -0.010159 0.579200 -0.119714 -0.178610 0.976610 -2.737900 0.000000 0.000000 0.000000 1.000000
0.454407 0.860736 0.229453 21.504801 -0.864083 0.488512 -0.121308 0.579200 -0.216505 -0.143143 0.965731 -2.737900 0.000000 0.000000 0.000000 1.000000
0.402179 0.884582 0.236150 21.504801 -0.862268 0.452668 -0.227125 0.579200 -0.307808 -0.112280 0.944800 -2.737900 0.000000 0.000000 0.000000 1.000000
0.350389 0.902350 0.250983 21.504801 -0.850129 0.418869 -0.319108 0.579200 -0.393076 -0.101556 0.913881 -2.737900 0.000000 0.000000 0.000000 1.000000
